93,11
93,10
4294967278,287
93,9
93,8
93,7
93,6
4294967294,1417
4294967279,572
102,4
102,3
102,2
102,1
102,0
4294967278,278
4294967278,383
101,5
101,4
101,3
101,2
101,1
101,0
100,4
100,3
100,2
100,1
100,0
4294967294,411
4294967278,382
99,6
99,5
99,4
99,3
99,2
99,1
99,0
4294967294,1430
98,5
98,4
98,3
98,2
98,1
98,0
97,4
97,3
97,2
97,1
97,0
96,4
96,3
96,2
96,1
96,0
4294967278,381
95,5
95,4
95,3
95,2
95,1
95,0
4294967294,1429
4294967278,380
94,5
94,4
94,3
94,2
94,1
94,0
4294967279,571
4294967279,570
93,5
93,4
93,3
93,2
93,1
93,0
92,6
4294967294,410
92,5
92,4
92,3
92,2
92,1
92,0
91,4
91,3
91,2
91,1
91,0
4294967294,409
4294967279,569
4294967293,131
4294967293,130
4294967293,129
4294967293,128
4294967293,127
4294967293,126
4294967293,125
4294967293,124
4294967293,123
4294967293,122
4294967293,121
4294967293,120
4294967293,119
4294967293,118
4294967293,117
4294967293,116
4294967293,115
4294967293,114
4294967293,113
4294967293,112
4294967293,111
4294967293,110
4294967293,109
4294967293,108
4294967293,107
4294967293,106
4294967293,105
4294967293,104
4294967293,103
4294967293,102
4294967293,101
4294967293,100
4294967293,99
4294967293,98
4294967293,97
4294967293,96
4294967293,95
4294967293,94
4294967293,93
4294967293,92
4294967293,91
4294967293,90
4294967293,89
4294967293,88
4294967293,87
4294967293,86
4294967293,85
4294967293,84
4294967293,83
4294967293,82
4294967293,81
4294967293,80
4294967293,79
4294967293,78
4294967293,77
4294967293,76
4294967293,75
4294967293,74
4294967293,73
4294967293,72
4294967293,71
4294967293,70
4294967293,69
4294967293,68
4294967293,67
4294967293,66
4294967293,65
4294967293,64
4294967293,63
4294967293,62
4294967293,61
4294967293,60
4294967293,59
4294967293,58
4294967293,57
4294967293,56
4294967293,55
4294967293,54
4294967293,53
4294967293,52
4294967293,51
4294967293,50
4294967293,49
4294967293,48
4294967293,47
4294967293,46
4294967293,45
4294967293,44
4294967293,43
4294967293,42
4294967293,41
4294967293,40
4294967293,39
4294967293,38
4294967293,37
4294967293,36
4294967293,35
4294967293,34
4294967293,33
4294967293,32
4294967293,31
4294967293,30
4294967293,29
4294967293,28
4294967293,27
4294967293,26
4294967293,25
4294967293,24
4294967293,23
4294967293,22
4294967293,21
4294967293,20
4294967293,19
4294967293,18
4294967293,17
4294967293,16
4294967293,15
4294967293,14
4294967293,13
4294967293,12
4294967293,11
4294967293,10
4294967293,9
4294967293,8
4294967293,7
4294967293,6
4294967293,5
4294967293,4
4294967293,3
4294967293,2
4294967293,0
4294967278,53
4294967278,297
4294967278,164
4294967278,52
4294967278,335
4294967278,163
4294967278,51
4294967278,296
4294967278,162
4294967278,50
4294967278,295
4294967278,161
4294967278,49
4294967278,378
4294967278,160
4294967278,48
4294967278,370
4294967278,159
4294967278,47
4294967278,334
4294967278,158
4294967278,46
4294967278,293
4294967278,157
4294967278,45
4294967278,292
4294967278,156
4294967278,44
4294967278,369
4294967278,155
4294967278,43
4294967278,290
4294967278,154
4294967278,42
4294967278,289
4294967278,153
4294967278,41
4294967278,288
4294967278,152
4294967278,40
4294967278,333
4294967278,151
4294967278,39
4294967278,150
4294967278,38
4294967278,332
4294967278,149
4294967278,37
4294967278,148
4294967278,36
4294967278,359
4294967278,147
4294967278,35
4294967278,358
4294967278,146
4294967278,34
4294967278,286
4294967278,145
4294967278,33
4294967278,357
4294967278,144
4294967278,32
4294967278,368
4294967278,143
4294967278,31
4294967278,142
4294967278,30
4294967278,285
4294967278,141
4294967278,29
4294967278,140
4294967278,28
4294967278,284
4294967278,139
4294967278,27
4294967278,330
4294967278,138
4294967278,26
4294967278,273
4294967278,137
4294967278,25
4294967278,283
4294967278,136
4294967278,24
4294967278,282
4294967278,135
4294967278,23
4294967278,377
4294967278,134
4294967278,22
4294967278,356
4294967278,133
4294967278,21
4294967278,355
4294967278,272
4294967278,20
4294967278,279
